ODOMETRY 3.1968e-01 1.1004e-01 9.9433e-01
ODOMETRY 8.7686e-02 3.5215e-01 9.2948e-01
ODOMETRY -2.7342e-01 3.6930e-01 6.2744e-01
ODOMETRY -5.7093e-01 1.8802e-01 5.0683e-01
ODOMETRY -6.5900e-01 5.9791e-02 6.0957e-02
ODOMETRY -6.4224e-01 1.1135e-02 1.4006e-02
ODOMETRY -5.8652e-01 6.5261e-02 -6.2165e+00
ODOMETRY -6.5922e-01 -1.0712e-01 1.4568e-01
ODOMETRY -6.9137e-01 -9.8000e-02 6.0252e+00
ODOMETRY -4.9620e-01 1.4046e-01 -4.6430e-01
ODOMETRY -4.9609e-01 4.0117e-01 -2.9824e-01
ODOMETRY -3.5431e-01 4.4941e-01 -8.7805e-02
ODOMETRY -1.5154e-01 3.1866e-01 -5.6977e-01
ODOMETRY -3.4540e-03 1.7480e-01 -6.6158e-01
ODOMETRY 8.6285e-02 8.9993e-02 -7.4898e-01
ODOMETRY 6.4656e-02 3.7326e-02 -8.9691e-01
ODOMETRY 5.7324e-02 -2.0459e-02 -6.2065e-01
ODOMETRY -1.6451e-02 -5.7122e-01 -2.9282e-01
ODOMETRY -3.2360e-03 -5.2996e-01 -1.6852e-01
ODOMETRY -1.2827e-01 -3.3893e-01 -5.5419e-01
ODOMETRY -4.3971e-01 -2.7452e-01 -6.1119e-01
ODOMETRY -5.4873e-01 -5.0094e-02 6.0195e+00
ODOMETRY -4.9446e-01 -8.7049e-02 -5.7254e+00
ODOMETRY -3.7138e-01 -3.4386e-01 6.7597e-01
ODOMETRY -1.3896e-01 -5.1358e-01 -1.4812e-01
ODOMETRY -1.8902e-01 -2.4127e-01 -6.0254e-01
ODOMETRY -5.2774e-01 -8.5996e-02 -3.8078e-01
ODOMETRY -2.8452e-01 -9.3534e-02 7.7414e-01
ODOMETRY -1.1907e-01 -1.6976e-01 6.0749e-01
ODOMETRY 1.4407e-02 -2.2476e-01 5.9752e-01
ODOMETRY 1.6116e-01 -1.8090e-01 5.6762e-01
ODOMETRY 5.2417e-01 -1.7332e-01 2.1300e-01
ODOMETRY 4.8305e-01 -2.0685e-01 -1.8107e-01
ODOMETRY 5.6731e-01 -2.7411e-01 -9.6930e-03
ODOMETRY 4.4427e-01 -2.7694e-01 -3.6478e-01
ODOMETRY 1.5536e-01 -2.3720e-01 -5.6311e-01
ODOMETRY -1.4375e-01 -4.9570e-01 -5.2427e-01
ODOMETRY -1.3775e-01 -5.6043e-01 4.9307e-01
ODOMETRY 1.3690e-01 -3.5735e-01 5.3021e-01
ODOMETRY 2.8158e-01 -4.6361e-01 -5.5375e-01
ODOMETRY -1.4439e-01 -5.7464e-01 -8.9378e-01
ODOMETRY -1.3718e-01 -1.0995e-01 -5.1155e-01
ODOMETRY -5.5035e-01 -2.7178e-02 5.8788e+00
ODOMETRY -2.8374e-01 3.4565e-02 -5.7452e+00
ODOMETRY -9.2809e-02 -5.0764e-02 7.2934e-01
ODOMETRY -4.2497e-02 8.7090e-03 9.8849e-01
ODOMETRY 8.4740e-03 5.4300e-04 8.2057e-01
ODOMETRY -1.9626e-02 -1.8333e-02 5.4522e-01
ODOMETRY 8.6497e-02 1.0639e-01 8.3947e-01
ODOMETRY 2.5655e-01 4.5328e-01 -2.6673e-01
ODOMETRY 3.0613e-01 4.9886e-01 3.1846e-01
ODOMETRY 1.9792e-01 5.7825e-01 1.0220e-01
ODOMETRY 3.0324e-01 5.6719e-01 -5.3772e-01
ODOMETRY 3.7795e-01 3.5866e-01 1.5935e-01
ODOMETRY 1.9895e-01 4.6790e-01 4.8579e-01
ODOMETRY 2.5430e-03 5.8134e-01 2.4159e-01
ODOMETRY -5.2643e-02 5.8432e-01 -3.5715e-02
ODOMETRY 5.3941e-02 5.8768e-01 -4.5649e-01
ODOMETRY 3.3558e-01 4.9358e-01 -5.9507e-01
ODOMETRY 3.3252e-01 1.2972e-01 -5.4978e-01
ODOMETRY 5.1806e-01 -6.2604e-02 -1.3884e-01
ODOMETRY 5.4724e-01 7.8835e-02 5.3220e-01
ODOMETRY 5.1289e-01 3.0253e-01 1.7240e-01
ODOMETRY 5.3553e-01 3.0855e-01 -1.5034e-01
ODOMETRY 5.8725e-01 1.3968e-01 -5.0500e-01
ODOMETRY 6.1217e-01 -1.1767e-01 -2.1914e-01
ODOMETRY 6.4808e-01 -1.7436e-01 -1.6498e-02
ODOMETRY 6.6825e-01 -1.5441e-01 7.5302e-02
ODOMETRY 5.9779e-01 -1.2428e-01 2.1465e-02
ODOMETRY 6.2588e-01 -1.0968e-01 4.4396e-02
ODOMETRY 6.2028e-01 -1.1716e-01 -4.6278e-02
ODOMETRY 5.7789e-01 -1.2636e-01 -1.1489e-01
ODOMETRY 5.3559e-01 -2.5174e-01 -3.4859e-01
ODOMETRY 4.0810e-01 -3.9382e-01 -4.1301e-01
ODOMETRY 1.3677e-01 -5.2995e-01 -6.1577e-01
ODOMETRY -1.5088e-01 -5.3689e-01 -3.4612e-01
ODOMETRY -2.9060e-01 -4.9486e-01 -4.2047e-02
ODOMETRY -2.1645e-01 -4.9629e-01 2.6084e-01
ODOMETRY 1.3667e-01 -7.7641e-01 8.9007e-01
ODOMETRY 3.2439e-01 -3.0684e-01 3.8423e-01
ODOMETRY 4.1858e-01 -1.3659e-01 5.4851e-01
ODOMETRY 3.5391e-01 8.7696e-02 5.2073e-01
ODOMETRY 1.9993e-01 1.9034e-01 5.5821e-01
ODOMETRY 5.8108e-02 2.3396e-01 8.7441e-01
ODOMETRY 1.1670e-03 5.8881e-02 7.5871e-01
ODOMETRY -2.7320e-02 3.0490e-03 -5.2637e+00
ODOMETRY -2.1948e-01 -2.7737e-01 1.8819e-01
ODOMETRY -2.0613e-01 -1.9667e-01 -5.0148e-01
ODOMETRY -3.9383e-01 -1.9768e-02 5.6799e+00
ODOMETRY -4.5310e-01 3.2102e-01 -5.4169e-01
ODOMETRY -2.4514e-01 4.3468e-01 -5.7566e-01
ODOMETRY 1.9398e-02 4.3647e-01 -5.0335e-01
ODOMETRY 2.5343e-01 4.7650e-01 -1.1911e-01
ODOMETRY 2.4605e-01 5.0399e-01 -7.5195e-02
ODOMETRY 3.5492e-01 4.5264e-01 -1.5109e-01
ODOMETRY 3.7343e-01 4.4455e-01 -1.3487e-01
ODOMETRY 4.7103e-01 2.9285e-01 -3.4425e-01
ODOMETRY 5.1598e-01 1.1019e-01 -4.0353e-01
ODOMETRY 5.0649e-01 -1.4574e-01 -6.4921e-01
ODOMETRY 3.5321e-01 -3.6355e-01 -1.2511e-01
ODOMETRY 3.8308e-01 -4.1073e-01 -1.1730e-01
ODOMETRY 3.4158e-01 -4.6439e-01 -2.7801e-02
ODOMETRY 3.2942e-01 -5.4226e-01 -2.9774e-01
ODOMETRY 1.2288e-01 -6.0045e-01 -3.7059e-01
ODOMETRY -1.1835e-01 -5.8542e-01 -3.7597e-01
ODOMETRY -3.6810e-01 -5.8388e-01 -1.9865e-01
ODOMETRY -3.9942e-01 -5.3575e-01 -4.8690e-02
ODOMETRY -4.3149e-01 -5.5112e-01 1.9345e-02
ODOMETRY -4.2213e-01 -5.8999e-01 2.4900e-02
ODOMETRY -3.1838e-01 -4.0856e-01 1.2510e-03
ODOMETRY -4.1655e-01 -6.0116e-01 2.1857e-02
ODOMETRY -4.1033e-01 -6.0345e-01 1.3124e-02
ODOMETRY -2.8588e-01 -4.4713e-01 8.8830e-03
ODOMETRY -2.7362e-01 -4.0666e-01 -1.0054e-02
ODOMETRY -2.7945e-01 -4.3584e-01 1.6808e-02
ODOMETRY -2.8383e-01 -4.4439e-01 -3.1220e-03
ODOMETRY -2.7142e-01 -4.2033e-01 1.9212e-02
ODOMETRY -2.5603e-01 -4.2983e-01 1.8634e-02
ODOMETRY -3.5042e-01 -6.4235e-01 4.8251e-02
ODOMETRY -2.3965e-01 -4.5502e-01 1.8900e-02
ODOMETRY -3.2996e-01 -6.5427e-01 -4.4890e-03
ODOMETRY -2.3159e-01 -4.4675e-01 -6.1550e-03
ODOMETRY -3.4029e-01 -6.3010e-01 -4.3445e-02
ODOMETRY -3.9134e-01 -5.5197e-01 -3.9515e-01
ODOMETRY -4.8000e-01 -4.2326e-01 2.0038e-01
ODOMETRY -3.2208e-01 -5.1176e-01 3.4784e-01
ODOMETRY -1.3203e-01 -5.5931e-01 2.7978e-01
ODOMETRY -1.4173e-01 -5.3459e-01 -3.5335e-01
ODOMETRY -3.2908e-01 -4.6963e-01 -4.1357e-01
ODOMETRY -3.5610e-01 -3.9392e-01 3.7870e-01
ODOMETRY -1.0687e-01 -3.0202e-01 5.2448e-01
ODOMETRY 5.3137e-02 -2.8580e-01 6.2096e-01
ODOMETRY 1.9264e-01 -1.7062e-01 7.3229e-01
ODOMETRY 2.6735e-01 3.2144e-02 6.9283e-01
ODOMETRY 3.1961e-01 2.7030e-01 5.1071e-01
ODOMETRY 2.3028e-01 5.1164e-01 1.8090e-01
ODOMETRY 2.0837e-01 5.7882e-01 -1.7694e-02
ODOMETRY 2.4257e-01 6.6579e-01 -1.0676e-02
ODOMETRY 2.0852e-01 4.7743e-01 -7.4540e-03
ODOMETRY 1.7694e-01 4.3791e-01 -9.2850e-03
ODOMETRY 2.9922e-01 7.2058e-01 -2.5994e-02
ODOMETRY 2.4102e-01 4.9235e-01 -2.7054e-02
ODOMETRY 2.2697e-01 4.5700e-01 6.2800e-04
ODOMETRY 3.2378e-01 7.1275e-01 -1.0843e-02
ODOMETRY 2.1087e-01 4.6025e-01 8.5431e-02
ODOMETRY 1.7125e-01 4.8710e-01 1.6247e-02
ODOMETRY 2.6355e-01 7.1085e-01 2.4659e-02
ODOMETRY 2.8859e-01 6.7643e-01 -2.8384e-01
ODOMETRY 4.9895e-01 4.7761e-01 -4.8146e-01
ODOMETRY 6.8554e-01 1.8774e-01 -4.9907e-01
ODOMETRY 6.8399e-01 -6.8219e-02 -1.5635e-01
ODOMETRY 6.3009e-01 -1.4863e-01 -1.5985e-01
ODOMETRY 6.3660e-01 -2.6083e-01 -1.2464e-01
ODOMETRY 5.9264e-01 -3.5925e-01 -1.5442e-01
ODOMETRY 5.3703e-01 -4.3270e-01 -3.3590e-02
ODOMETRY 5.4245e-01 -4.4820e-01 -2.7801e-02
ODOMETRY 5.2195e-01 -4.4389e-01 -3.0179e-02
ODOMETRY 4.9079e-01 -4.4634e-01 -4.7580e-03
ODOMETRY 5.0797e-01 -4.2218e-01 2.8044e-02
ODOMETRY 4.6980e-01 -4.2301e-01 3.5120e-03
ODOMETRY 6.6702e-01 -5.2728e-01 -3.6588e-02
ODOMETRY 4.4671e-01 -4.2310e-01 -1.1496e-01
ODOMETRY 3.9762e-01 -4.5568e-01 -9.8273e-02
ODOMETRY 2.6791e-01 -4.8138e-01 -2.1176e-01
ODOMETRY 2.1723e-01 -4.8911e-01 2.4136e-02
ODOMETRY 2.5199e-01 -4.4918e-01 1.9082e-01
ODOMETRY 5.9253e-01 -5.6058e-01 3.7132e-01
ODOMETRY 4.6572e-01 -2.0755e-01 3.3125e-01
ODOMETRY 5.5573e-01 -8.3407e-02 2.4800e-01
ODOMETRY 5.7502e-01 6.3566e-02 3.5524e-01
ODOMETRY 5.5773e-01 2.5209e-01 9.5479e-02
ODOMETRY 5.4295e-01 2.7093e-01 1.5094e-01
ODOMETRY 4.9451e-01 4.0518e-01 1.8238e-01
ODOMETRY 5.5025e-01 6.4165e-01 1.3577e-01
ODOMETRY 4.3295e-01 5.2861e-01 2.6440e-03
ODOMETRY 3.7170e-01 5.1266e-01 2.3514e-02
ODOMETRY 3.7305e-01 5.0449e-01 2.1779e-02
ODOMETRY 3.3408e-01 5.4492e-01 7.0609e-02
ODOMETRY 3.4468e-01 5.5102e-01 7.5870e-03
ODOMETRY 3.2250e-01 5.9734e-01 -2.3390e-03
ODOMETRY 3.3180e-01 5.5231e-01 -8.4434e-02
ODOMETRY 3.7335e-01 5.3452e-01 -7.4240e-02
ODOMETRY 4.3314e-01 4.9366e-01 -5.7301e-02
ODOMETRY 4.8667e-01 5.1798e-01 1.0255e-02
ODOMETRY 4.9233e-01 5.5656e-01 6.6000e-04
ODOMETRY 4.4884e-01 5.4516e-01 1.8470e-02
ODOMETRY 4.5558e-01 5.4389e-01 4.9467e-02
ODOMETRY 4.1246e-01 5.7260e-01 4.7394e-02
ODOMETRY 4.0734e-01 5.5996e-01 -1.8714e-02
ODOMETRY 2.9899e-01 4.2008e-01 7.1500e-03
ODOMETRY 4.1637e-01 5.8668e-01 -9.0475e-02
ODOMETRY 3.0746e-01 3.4604e-01 -2.3604e-02
ODOMETRY 5.2420e-01 6.1295e-01 -2.0038e-02
ODOMETRY 3.4856e-01 3.5882e-01 -6.6030e-03
ODOMETRY 3.3990e-01 3.7507e-01 1.2400e-03
ODOMETRY 3.5280e-01 3.7145e-01 -3.1250e-03
ODOMETRY 4.9399e-01 5.4805e-01 6.9405e-02
ODOMETRY 3.2535e-01 4.2461e-01 -8.6010e-03
ODOMETRY 3.2709e-01 4.0539e-01 5.1043e-02
ODOMETRY 4.5404e-01 6.0203e-01 -8.6550e-03
ODOMETRY 3.1651e-01 4.0487e-01 -3.6767e-02
ODOMETRY 3.0692e-01 3.8115e-01 -2.6461e-02
ODOMETRY 5.2445e-01 5.5958e-01 -6.8987e-02
ODOMETRY 3.8166e-01 3.4475e-01 -2.7669e-02
ODOMETRY 3.8785e-01 3.3596e-01 -3.9849e-02
ODOMETRY 5.5080e-01 5.1097e-01 5.5530e-03
ODOMETRY 5.3273e-01 4.8159e-01 -1.2551e-02
ODOMETRY 3.9887e-01 3.4243e-01 1.1550e-01
ODOMETRY 4.0280e-01 5.6350e-01 2.9988e-01
ODOMETRY 1.9237e-01 6.5938e-01 5.7669e-01
ODOMETRY -1.8095e-01 6.1321e-01 5.0409e-01
ODOMETRY -4.4868e-01 4.8470e-01 2.7435e-01
ODOMETRY -5.8747e-01 3.4939e-01 3.5203e-01
ODOMETRY -7.5114e-01 1.4134e-01 -5.9526e+00
ODOMETRY -6.7933e-01 -1.0139e-01 3.5824e-01
ODOMETRY -6.4469e-01 -3.4324e-01 2.7827e-01
ODOMETRY -5.8268e-01 -4.5101e-01 3.1250e-03
ODOMETRY -4.2295e-01 -2.7358e-01 -1.6629e-01
ODOMETRY -4.7581e-01 -2.2097e-01 -2.2370e-01
ODOMETRY -5.2906e-01 -6.3920e-02 5.9870e+00
ODOMETRY -4.9194e-01 8.1290e-02 -3.2408e-01
ODOMETRY -4.8039e-01 2.2090e-01 -2.2453e-01
ODOMETRY -6.5240e-01 4.7206e-01 -1.1754e-01
ODOMETRY -5.5865e-01 5.2760e-01 -6.8658e-02
ODOMETRY -3.8486e-01 3.3785e-01 -4.4917e-02
ODOMETRY -3.8637e-01 4.1777e-01 -5.5148e-02
ODOMETRY -3.0798e-01 4.0327e-01 -1.3102e-02
ODOMETRY -3.4877e-01 4.1047e-01 -7.5541e-02
ODOMETRY -2.9438e-01 4.3496e-01 5.7910e-03
ODOMETRY -3.4082e-01 3.9054e-01 1.8336e-01
ODOMETRY -3.7679e-01 3.6565e-01 6.3758e-02
ODOMETRY -4.3618e-01 3.3618e-01 5.6863e-02
ODOMETRY -4.3221e-01 3.3605e-01 2.2683e-02
ODOMETRY -3.9259e-01 3.2481e-01 -1.2347e-01
ODOMETRY -4.1582e-01 3.5246e-01 -3.4692e-02
ODOMETRY -3.7434e-01 3.9086e-01 -6.9358e-02
ODOMETRY -3.0664e-01 4.0088e-01 -8.6438e-02
ODOMETRY -2.9750e-01 4.4630e-01 -1.5085e-01
ODOMETRY -2.1495e-01 4.7447e-01 -1.7925e-01
ODOMETRY -1.3052e-01 4.9013e-01 -1.0143e-01
ODOMETRY -3.2203e-02 7.3594e-01 -3.9228e-01
ODOMETRY 2.1388e-01 6.5190e-01 -2.6283e-01
ODOMETRY 3.5202e-01 5.8137e-01 -3.4545e-01
ODOMETRY 4.9581e-01 4.3504e-01 -1.6619e-01
ODOMETRY 4.6828e-01 2.6525e-01 -1.7291e-01
ODOMETRY 6.7360e-01 2.2910e-01 -2.0929e-01
ODOMETRY 5.5950e-01 1.3492e-01 4.2553e-02
ODOMETRY 5.0006e-01 9.3716e-02 -2.7834e-02
ODOMETRY 7.0146e-01 1.2181e-01 -2.0720e-01
ODOMETRY 1.4613e+00 1.7352e-01 4.2371e-01
ODOMETRY 5.5387e-01 3.9468e-01 5.6627e-01
ODOMETRY 2.4703e-01 4.7915e-01 1.5943e-01
ODOMETRY 1.8994e-01 4.8224e-01 5.1867e-02
ODOMETRY 1.7077e-01 5.0229e-01 1.7980e-03
ODOMETRY 2.6354e-01 7.1008e-01 -1.3406e-01
ODOMETRY 2.5073e-01 4.4517e-01 -1.5580e-01
ODOMETRY 5.1928e-01 5.2981e-01 -4.7664e-01
ODOMETRY 5.2250e-01 2.6928e-01 2.4578e-01
ODOMETRY 2.9511e-01 4.4356e-01 6.7976e-01
ODOMETRY -1.5746e-02 6.9436e-01 2.8958e-01
ODOMETRY -4.8011e-02 5.0219e-01 -1.1799e-01
ODOMETRY 2.2302e-02 7.8156e-01 -1.5509e-01
ODOMETRY 6.8809e-02 5.1689e-01 -1.6221e-02
ODOMETRY 1.1342e-01 5.0744e-01 -7.6300e-03
ODOMETRY 1.0013e-01 5.4838e-01 -5.7554e-02
ODOMETRY 1.2858e-01 5.3845e-01 7.9590e-03
ODOMETRY 1.2072e-01 5.2897e-01 -6.4380e-03
ODOMETRY 1.3739e-01 5.1777e-01 -1.4697e-02
ODOMETRY 1.4368e-01 5.3589e-01 1.9019e-02
ODOMETRY 1.1710e-01 5.1827e-01 -5.2510e-03
ODOMETRY 1.1778e-01 5.5068e-01 1.1476e-02
ODOMETRY 1.3103e-01 5.3498e-01 -4.4200e-04
ODOMETRY 1.3122e-01 5.1138e-01 -2.0080e-03
ODOMETRY 1.0715e-01 5.2614e-01 6.1355e-02
ODOMETRY 7.6642e-02 5.0952e-01 2.4057e-02
ODOMETRY 8.6768e-02 5.2667e-01 4.2309e-02
ODOMETRY 2.6874e-02 5.3539e-01 2.6319e-02
ODOMETRY 4.3833e-02 5.0708e-01 -4.3147e-02
ODOMETRY 1.2398e-01 4.8838e-01 -3.2264e-01
ODOMETRY 3.8041e-01 5.7913e-01 -1.8690e-01
ODOMETRY 2.9530e-01 5.8763e-01 4.7027e-01
ODOMETRY -4.3462e-02 6.0343e-01 7.0563e-01
ODOMETRY -2.4350e-01 2.5958e-01 6.8604e-01
ODOMETRY -3.1314e-01 4.9403e-02 -5.6283e+00
ODOMETRY -2.6156e-01 -1.4610e-01 6.0606e-01
ODOMETRY -2.4396e-01 -6.3182e-01 4.6035e-01
ODOMETRY -9.0933e-02 -6.1256e-01 2.2350e-01
ODOMETRY 6.3126e-02 -7.3105e-01 3.2887e-02
ODOMETRY 2.2224e-02 -5.1641e-01 -1.3266e-02
ODOMETRY 1.8512e-02 -5.4161e-01 -9.5551e-02
ODOMETRY -4.2302e-02 -5.3470e-01 -1.3661e-01
ODOMETRY -1.0211e-01 -5.0437e-01 -5.2427e-02
ODOMETRY -1.4006e-01 -5.2463e-01 -7.7107e-02
ODOMETRY -1.8301e-01 -5.0462e-01 -1.3980e-02
ODOMETRY -1.6755e-01 -5.2497e-01 4.9670e-03
ODOMETRY -1.5131e-01 -4.8330e-01 1.1184e-02
ODOMETRY -1.6073e-01 -5.0785e-01 1.7015e-02
ODOMETRY -1.5067e-01 -5.1604e-01 1.2638e-02
ODOMETRY -1.3093e-01 -5.2964e-01 1.7707e-02
ODOMETRY -1.3970e-01 -5.0473e-01 1.5299e-02
ODOMETRY -1.4237e-01 -5.1165e-01 1.6747e-02
ODOMETRY -1.0036e-01 -5.2005e-01 4.5410e-02
ODOMETRY -8.9845e-02 -5.0694e-01 7.4157e-02
ODOMETRY -3.5059e-02 -5.1396e-01 6.9710e-03
ODOMETRY -7.1782e-02 -5.2823e-01 5.1960e-03
ODOMETRY -4.7105e-02 -5.3663e-01 8.0920e-03
ODOMETRY -8.5916e-02 -5.5449e-01 -9.0192e-02
ODOMETRY -1.0370e-01 -5.3166e-01 -4.1374e-02
ODOMETRY -1.2867e-01 -5.3436e-01 -5.0154e-02
ODOMETRY -1.8910e-01 -6.8390e-01 -9.5568e-02
ODOMETRY -1.9208e-01 -4.8537e-01 -2.4587e-02
ODOMETRY -2.1978e-01 -5.0749e-01 -4.5091e-02
ODOMETRY -2.1398e-01 -4.7985e-01 1.4523e-02
ODOMETRY -2.3141e-01 -4.8685e-01 1.4837e-02
ODOMETRY -1.9225e-01 -5.0632e-01 9.0947e-02
ODOMETRY -2.0692e-01 -7.5367e-01 1.7431e-01
ODOMETRY -4.1976e-02 -5.2528e-01 1.6361e-01
ODOMETRY 5.6853e-02 -5.3132e-01 2.4190e-01
ODOMETRY 2.0303e-01 -4.9164e-01 2.7113e-01
ODOMETRY 3.8936e-01 -6.3536e-01 1.4083e-01
ODOMETRY 2.6814e-01 -3.7101e-01 -2.0960e-01
ODOMETRY 1.8479e-01 -5.8661e-01 -4.6310e-01
ODOMETRY -1.3697e-01 -5.5522e-01 -5.8237e-01
ODOMETRY -4.4281e-01 -4.2468e-01 -4.2937e-01
ODOMETRY -5.7981e-01 -3.4105e-01 -8.2141e-02
ODOMETRY -6.5241e-01 -3.7229e-01 1.1058e-01
ODOMETRY -4.8309e-01 -5.1139e-01 4.8646e-01
ODOMETRY -1.3331e-01 -6.6302e-01 6.7079e-01
ODOMETRY 2.1365e-01 -5.7435e-01 3.1826e-01
ODOMETRY 1.9337e-01 -5.6593e-01 -5.2141e-01
ODOMETRY -1.4595e-01 -6.3021e-01 -4.2051e-01
ODOMETRY -2.6722e-01 -6.3167e-01 3.2024e-01
ODOMETRY 7.5996e-02 -6.9741e-01 5.6950e-01
ODOMETRY 2.2570e-01 -4.1186e-01 5.6078e-02
ODOMETRY 4.5133e-01 -5.6090e-01 5.6272e-01
ODOMETRY 6.6344e-01 -1.2379e-01 7.3962e-01
ODOMETRY 5.4134e-01 1.9352e-01 5.8124e-02
ODOMETRY 5.9987e-01 8.6896e-02 -2.9216e-01
ODOMETRY 6.7109e-01 -4.1775e-02 -2.0818e-01
ODOMETRY 6.9530e-01 -2.0171e-01 -2.4776e-01
ODOMETRY 4.5024e-01 -2.3538e-01 -1.6375e-01
ODOMETRY 4.0943e-01 -3.3962e-01 -1.7784e-01
ODOMETRY 3.5312e-01 -3.8576e-01 -1.1183e-01
ODOMETRY 2.9720e-01 -4.3110e-01 -2.0973e-01
ODOMETRY 1.8839e-01 -4.9767e-01 -1.7858e-01
ODOMETRY 1.4127e-01 -5.3010e-01 -1.2921e-01
ODOMETRY 4.3639e-02 -5.3551e-01 -2.3729e-01
ODOMETRY -6.8362e-02 -5.2087e-01 -2.0951e-01
ODOMETRY -1.7680e-01 -4.6991e-01 -2.2048e-01
ODOMETRY -4.1581e-01 -6.2916e-01 -1.3719e-01
ODOMETRY -3.0939e-01 -4.1069e-01 2.4845e-02
ODOMETRY -3.1815e-01 -4.2673e-01 -1.0551e-02
ODOMETRY -3.3946e-01 -4.2513e-01 -8.2260e-03
ODOMETRY -3.2941e-01 -4.4471e-01 5.1950e-03
ODOMETRY -3.2220e-01 -4.2815e-01 -9.2370e-03
ODOMETRY -3.2719e-01 -4.0985e-01 1.4954e-02
ODOMETRY -3.1557e-01 -4.1762e-01 2.7901e-02
ODOMETRY -3.0490e-01 -4.4298e-01 1.0763e-01
ODOMETRY -3.4808e-01 -7.0122e-01 1.1063e-01
ODOMETRY -1.6648e-01 -7.4124e-01 4.8076e-01
ODOMETRY 9.3405e-02 -5.1544e-01 3.2817e-01
ODOMETRY 2.3820e-01 -4.4881e-01 2.9733e-01
ODOMETRY 3.6370e-01 -3.7944e-01 2.4729e-01
ODOMETRY 4.4630e-01 -2.8183e-01 6.5046e-02
ODOMETRY 4.5773e-01 -2.7690e-01 2.1425e-02
ODOMETRY 4.3748e-01 -2.5979e-01 -1.1734e-01
ODOMETRY 3.8898e-01 -3.3418e-01 -6.8782e-02
ODOMETRY 3.6991e-01 -3.5857e-01 -2.0595e-01
ODOMETRY 3.1247e-01 -3.9291e-01 -9.1500e-04
ODOMETRY 3.1662e-01 -4.1326e-01 1.1105e-02
ODOMETRY 4.5958e-01 -5.2767e-01 9.2746e-02
ODOMETRY 4.9470e-01 -4.1229e-01 4.0285e-01
ODOMETRY 5.6957e-01 -1.1101e-01 5.3224e-01
ODOMETRY 5.7526e-01 4.2166e-02 -1.8434e-01
ODOMETRY 5.1751e-01 -1.7100e-01 -7.7395e-01
ODOMETRY 1.4037e-01 -2.7731e-01 -6.8003e-01
ODOMETRY -3.4386e-02 -2.8743e-01 -5.1033e-01
ODOMETRY -4.3930e-01 -5.1668e-01 -3.5035e-01
ODOMETRY -4.3801e-01 -4.2444e-01 -4.3041e-02
ODOMETRY -4.9702e-01 -3.9901e-01 -4.0235e-02
ODOMETRY -4.5683e-01 -4.7571e-01 7.9847e-02
ODOMETRY -4.4595e-01 -5.2024e-01 2.7021e-01
ODOMETRY -2.8791e-01 -6.0955e-01 4.4820e-01
ODOMETRY 1.0827e-01 -6.1054e-01 6.9282e-01
ODOMETRY 4.5968e-01 -4.8371e-01 2.7844e-01
ODOMETRY 5.8614e-01 -4.1727e-01 1.1010e-03
ODOMETRY 5.1073e-01 -4.7163e-01 -6.7009e-02
ODOMETRY 4.9136e-01 -4.4652e-01 -1.2875e-02
ODOMETRY 4.4496e-01 -4.4476e-01 -8.6270e-03
ODOMETRY 4.2940e-01 -4.3333e-01 -5.2998e-02
ODOMETRY 3.3933e-01 -4.4775e-01 -6.3797e-02
ODOMETRY 3.2863e-01 -4.7074e-01 -7.0453e-02
ODOMETRY 3.3162e-01 -3.8202e-01 2.0168e-01
ODOMETRY 2.2499e-01 -3.3117e-01 -5.4761e-01
ODOMETRY 1.5100e-03 -2.9877e-01 -7.7639e-01
ODOMETRY -7.6435e-02 -1.1944e-01 -6.4132e-01
ODOMETRY -1.5100e-01 -1.3609e-02 5.2565e+00
ODOMETRY -1.1805e-01 1.9765e-01 -9.0627e-01
ODOMETRY -7.4031e-02 5.8791e-01 4.0971e-01
ODOMETRY -3.3496e-01 4.2665e-01 4.3004e-01
ODOMETRY -5.2292e-01 3.0450e-01 4.7790e-01
ODOMETRY -6.2027e-01 2.3412e-02 -5.6530e+00
ODOMETRY -5.2323e-01 -4.2345e-01 6.3789e-01
ODOMETRY -3.3293e-01 -6.3873e-01 5.0396e-02
ODOMETRY -2.5361e-01 -6.5619e-01 7.8707e-02
ODOMETRY -2.9182e-01 -6.2843e-01 2.2798e-02
ODOMETRY -2.4314e-01 -5.6930e-01 -2.9364e-01
ODOMETRY -4.0492e-01 -3.9801e-01 -6.3907e-01
ODOMETRY -5.5956e-01 -4.8840e-02 5.7856e+00
ODOMETRY -6.8354e-01 1.7304e-01 -7.2820e-03
ODOMETRY -7.1712e-01 1.8979e-01 -6.6446e-02
ODOMETRY -6.8002e-01 2.6171e-01 -2.8718e-01
ODOMETRY -3.8936e-01 3.1366e-01 -3.0960e-01
ODOMETRY -3.3272e-01 6.5074e-01 -4.2975e-01
ODOMETRY -1.0374e-01 4.9077e-01 -2.3026e-01
ODOMETRY 2.9071e-02 5.0153e-01 -1.6902e-01
ODOMETRY 1.4234e-01 7.3545e-01 -7.4855e-02
ODOMETRY 1.4225e-01 4.7055e-01 -2.0834e-01
ODOMETRY 2.3429e-01 4.5182e-01 -1.4928e-01
ODOMETRY 4.6120e-01 5.9415e-01 -2.0934e-01
ODOMETRY 3.7971e-01 3.5689e-01 -1.2174e-02
ODOMETRY 5.7397e-01 4.7518e-01 -1.2331e-01
ODOMETRY 5.6057e-01 5.0012e-01 1.6161e-01
ODOMETRY 3.4655e-01 5.3296e-01 6.4188e-01
ODOMETRY -3.2826e-02 3.5726e-01 6.4530e-01
ODOMETRY -2.0823e-01 2.6895e-01 6.8145e-01
ODOMETRY -3.1894e-01 2.4624e-02 -5.6716e+00
ODOMETRY -3.1488e-01 -1.5901e-01 5.5271e-01
ODOMETRY -3.8993e-01 -4.6282e-01 1.9182e-01
ODOMETRY -3.6754e-01 -6.3407e-01 1.3079e-01
ODOMETRY -1.9878e-01 -4.7185e-01 3.3014e-02
ODOMETRY -2.0111e-01 -4.5654e-01 5.8712e-02
ODOMETRY -1.8757e-01 -5.1777e-01 5.6012e-02
ODOMETRY -1.2545e-01 -5.1737e-01 8.5788e-02
ODOMETRY -8.9590e-02 -5.1657e-01 8.2041e-02
ODOMETRY -4.1456e-02 -5.4828e-01 2.8266e-02
ODOMETRY -4.1019e-02 -5.2424e-01 -5.6130e-03
ODOMETRY -3.6601e-02 -5.3314e-01 9.6520e-02
ODOMETRY -3.6829e-02 -7.6674e-01 -1.2925e-01
ODOMETRY -9.0580e-02 -5.2285e-01 -1.7445e-01
ODOMETRY -3.3041e-01 -7.0131e-01 -3.2562e-01
ODOMETRY -3.1417e-01 -4.1312e-01 -1.8582e-02
ODOMETRY -3.2097e-01 -4.2246e-01 -1.5642e-02
ODOMETRY -3.2091e-01 -4.0388e-01 -2.0510e-03
ODOMETRY -3.2143e-01 -4.5612e-01 -1.2738e-02
ODOMETRY -3.1894e-01 -3.8496e-01 -2.5660e-03
ODOMETRY -3.3665e-01 -4.3160e-01 1.5325e-01
ODOMETRY -2.2751e-01 -4.7852e-01 2.4328e-01
ODOMETRY -1.1156e-01 -9.7226e-01 3.2877e-01
ODOMETRY 1.5444e-02 -7.2138e-01 -3.6420e-01
ODOMETRY -3.6661e-01 -5.5401e-01 -5.9192e-01
ODOMETRY -5.7244e-01 -2.8781e-01 -4.3218e-01
ODOMETRY -6.4547e-01 -2.0441e-01 3.5311e-01
ODOMETRY -5.4886e-01 -3.9148e-01 5.3241e-02
ODOMETRY -5.6543e-01 -3.0034e-01 -4.2261e-01
ODOMETRY -6.0022e-01 1.7244e-02 5.7816e+00
ODOMETRY -5.3760e-01 1.1176e-01 -5.9591e+00
ODOMETRY -5.6532e-01 -5.4351e-02 2.0539e-01
ODOMETRY -5.5422e-01 -1.3682e-01 1.7943e-01
ODOMETRY -5.4702e-01 -2.8323e-01 7.5423e-02
ODOMETRY -5.1691e-01 -3.2849e-01 2.1884e-01
ODOMETRY -4.3200e-01 -4.4990e-01 2.0764e-01
ODOMETRY -2.4266e-01 -5.0756e-01 5.5066e-01
ODOMETRY 1.1103e-01 -5.1402e-01 4.6764e-01
ODOMETRY 2.5612e-01 -4.9751e-01 2.0564e-01
ODOMETRY 3.6257e-01 -4.1834e-01 3.4911e-01
ODOMETRY 4.2048e-01 -1.9002e-01 7.0949e-01
ODOMETRY 4.2766e-01 1.4844e-01 7.2824e-01
ODOMETRY 1.6079e-01 2.4932e-01 5.0623e-01
ODOMETRY -6.9990e-03 5.1506e-01 6.4904e-01
ODOMETRY -2.8692e-01 4.0249e-01 4.0632e-01
ODOMETRY -4.2842e-01 4.1273e-01 -1.6949e-01
ODOMETRY -2.8394e-01 5.5449e-01 -2.3989e-01
ODOMETRY -1.8718e-01 6.3706e-01 -5.5283e-02
ODOMETRY -2.1965e-01 6.5962e-01 6.9021e-02
ODOMETRY -2.9285e-01 6.1976e-01 4.8218e-02
ODOMETRY -2.0583e-01 6.5624e-01 -1.8989e-01
ODOMETRY -1.3447e-01 6.3711e-01 5.1721e-02
ODOMETRY -2.3311e-01 5.7767e-01 2.6609e-01
ODOMETRY -3.5381e-01 4.4448e-01 3.4677e-01
ODOMETRY -5.5073e-01 2.6172e-01 5.0399e-01
ODOMETRY -5.7713e-01 1.3336e-01 -1.5320e-01
ODOMETRY -4.6775e-01 2.2126e-01 -2.5547e-01
ODOMETRY -4.6436e-01 3.8698e-01 -2.1658e-01
ODOMETRY -4.1775e-01 4.8784e-01 -1.8526e-01
ODOMETRY -2.6325e-01 4.7112e-01 -1.1168e-01
ODOMETRY -2.5776e-01 4.9982e-01 -2.2782e-01
ODOMETRY -4.5970e-02 5.6133e-01 -1.6317e-01
ODOMETRY 5.1516e-02 6.0285e-01 -4.3377e-01
ODOMETRY 2.5115e-01 5.0034e-01 -1.8789e-01
ODOMETRY 3.2888e-01 4.8825e-01 -3.0470e-03
ODOMETRY 2.8416e-01 5.7968e-01 3.3559e-01
ODOMETRY 7.3351e-02 6.3353e-01 2.9080e-01
ODOMETRY -1.4316e-01 5.6421e-01 5.6437e-01
ODOMETRY -4.2103e-01 3.1604e-01 6.3776e-01
ODOMETRY -6.0651e-01 1.2580e-01 -1.1583e-01
ODOMETRY -5.1547e-01 3.6328e-01 -5.4954e-01
ODOMETRY -2.3969e-01 4.5184e-01 -4.0448e-01
ODOMETRY -4.6024e-02 5.0999e-01 -1.9259e-01
ODOMETRY -1.7094e-02 5.1620e-01 -4.1662e-02
ODOMETRY 1.0942e-02 5.4270e-01 2.3081e-01
ODOMETRY -2.4393e-01 6.0178e-01 3.7734e-01
ODOMETRY -4.1180e-01 5.4754e-01 2.1991e-01
ODOMETRY -5.4817e-01 4.6261e-01 1.1283e-02
ODOMETRY -3.7980e-01 3.5653e-01 -7.4691e-02
ODOMETRY -5.1642e-01 5.8785e-01 -9.3191e-02
ODOMETRY -3.3098e-01 3.9379e-01 7.7900e-04
ODOMETRY -3.3301e-01 4.1167e-01 9.2303e-02
ODOMETRY -3.6490e-01 3.5500e-01 1.0613e-01
ODOMETRY -4.0325e-01 3.0636e-01 1.1986e-01
ODOMETRY -4.2292e-01 3.0388e-01 2.7484e-02
ODOMETRY -4.2709e-01 2.8438e-01 -9.2365e-02
ODOMETRY -4.0131e-01 3.4211e-01 -7.8300e-02
ODOMETRY -3.7462e-01 3.4769e-01 -8.0343e-02
ODOMETRY -3.2810e-01 3.8898e-01 -1.7821e-01
ODOMETRY -2.3660e-01 4.7505e-01 -3.1123e-01
ODOMETRY -7.3608e-02 5.0651e-01 -4.2634e-01
ODOMETRY 2.5905e-01 7.0884e-01 -3.1656e-01
ODOMETRY 3.9561e-01 7.0074e-01 -1.6829e-01
ODOMETRY 4.6603e-01 6.2926e-01 -1.1375e-02
ODOMETRY 3.3461e-01 4.3511e-01 -6.2566e-02
ODOMETRY 3.3108e-01 3.9565e-01 4.2850e-03
ODOMETRY 3.2840e-01 3.9381e-01 -8.1410e-03
ODOMETRY 3.4366e-01 3.9944e-01 -3.9050e-02
ODOMETRY 3.6163e-01 3.7562e-01 -2.7613e-02
ODOMETRY 3.7272e-01 3.6049e-01 -1.1326e-01
ODOMETRY 4.1117e-01 3.1399e-01 -1.5488e-01
ODOMETRY 4.6472e-01 2.2476e-01 -2.4211e-01
ODOMETRY 4.9280e-01 9.6996e-02 -2.9020e-01
ODOMETRY 5.2124e-01 -5.8708e-02 -3.3472e-01
ODOMETRY 4.7631e-01 -2.2269e-01 -2.3015e-01
ODOMETRY 4.3386e-01 -2.8985e-01 -1.4956e-01
ODOMETRY 4.1069e-01 -3.4606e-01 -1.6855e-02
ODOMETRY 3.8564e-01 -3.6299e-01 -6.5680e-03
ODOMETRY 4.0341e-01 -3.8241e-01 1.9848e-02
ODOMETRY 4.1638e-01 -3.3029e-01 1.4419e-02
ODOMETRY 3.6469e-01 -3.2865e-01 -2.0140e-03
ODOMETRY 3.9957e-01 -3.5542e-01 2.6000e-02
ODOMETRY 4.1914e-01 -3.3791e-01 1.0950e-03
ODOMETRY 4.0150e-01 -3.2715e-01 9.5000e-03
ODOMETRY 4.1061e-01 -3.3403e-01 -7.9520e-03
ODOMETRY 3.9295e-01 -3.2616e-01 8.8920e-03
ODOMETRY 4.0053e-01 -3.0845e-01 -1.3152e-02
ODOMETRY 6.0732e-01 -5.0941e-01 -2.3818e-02
ODOMETRY 3.8480e-01 -3.3131e-01 -1.5527e-02
ODOMETRY 3.8178e-01 -3.3819e-01 -7.2320e-03
ODOMETRY 3.7054e-01 -3.4873e-01 -9.5230e-03
ODOMETRY 5.5965e-01 -4.9137e-01 1.0843e-01
ODOMETRY 6.2605e-01 -3.7791e-01 2.9268e-01
ODOMETRY 6.8953e-01 -1.6340e-01 2.4767e-01
ODOMETRY 6.2926e-01 -7.7158e-02 2.5906e-01
ODOMETRY 4.8975e-01 1.3767e-01 4.4870e-01
ODOMETRY 3.9509e-01 3.4830e-01 2.4620e-01
ODOMETRY 3.4923e-01 4.1383e-01 1.2024e-01
ODOMETRY 1.3685e-01 5.1147e-01 1.2840e+00
ODOMETRY -7.2590e-02 1.6262e-01 6.2875e-01
ODOMETRY -1.2943e-01 1.2786e-02 -5.5305e+00
ODOMETRY -2.1883e-01 -2.1653e-01 5.4134e-01
ODOMETRY -3.2220e-01 -5.4040e-01 -3.6389e-02
ODOMETRY -4.2133e-01 -4.5857e-01 -4.9024e-01
ODOMETRY -6.6696e-01 -1.2126e-01 5.7381e+00
ODOMETRY -6.8808e-01 1.2861e-01 -4.4261e-01
ODOMETRY -4.5406e-01 2.6824e-01 -1.2306e-01
ODOMETRY -4.3135e-01 3.0955e-01 -4.6616e-02
ODOMETRY -4.1891e-01 3.2350e-01 -3.1562e-02
ODOMETRY -4.2117e-01 3.5066e-01 -5.0030e-03
ODOMETRY -3.9762e-01 3.5601e-01 2.0140e-02
ODOMETRY -3.9391e-01 3.2615e-01 -1.6860e-03
ODOMETRY -4.2725e-01 3.4413e-01 1.8306e-02
ODOMETRY -4.4953e-01 3.4773e-01 4.5150e-03
ODOMETRY -4.3099e-01 3.5717e-01 1.8226e-02
ODOMETRY -4.0752e-01 3.0039e-01 -1.6301e-02
ODOMETRY -4.2006e-01 3.3584e-01 -1.3012e-02
ODOMETRY -4.0730e-01 3.2543e-01 -1.8873e-02
ODOMETRY -4.0126e-01 3.3356e-01 -7.7460e-03
ODOMETRY -4.1345e-01 3.3231e-01 -3.1567e-02
ODOMETRY -4.0020e-01 3.7776e-01 6.4660e-03
ODOMETRY -3.9999e-01 3.1578e-01 9.4980e-03
ODOMETRY -4.0473e-01 3.5464e-01 5.1110e-02
ODOMETRY -4.1307e-01 3.0235e-01 2.4333e-02
ODOMETRY -4.3574e-01 2.7454e-01 1.5216e-01
ODOMETRY -4.8218e-01 2.2723e-01 2.3029e-01
ODOMETRY -5.1859e-01 1.1880e-01 1.3115e-01
ODOMETRY -5.4345e-01 6.9706e-02 3.4870e-03
ODOMETRY -5.3124e-01 5.1327e-02 -5.5486e-02
ODOMETRY -5.1417e-01 1.1956e-01 -1.6721e-01
ODOMETRY -4.8394e-01 1.9113e-01 -1.0415e-01
ODOMETRY -4.6626e-01 2.4514e-01 -1.2256e-01
ODOMETRY -4.3738e-01 2.9904e-01 -1.1324e-01
ODOMETRY -3.8252e-01 3.2110e-01 -8.8388e-02
ODOMETRY -3.6949e-01 3.6144e-01 1.1064e-01
ODOMETRY -4.6344e-01 2.9754e-01 3.0201e-01
ODOMETRY -7.4716e-01 1.5062e-01 1.9885e-01
ODOMETRY -5.1966e-01 8.7830e-02 -9.5531e-02
ODOMETRY -7.0210e-01 2.7056e-01 -3.1663e-01
ODOMETRY -5.6201e-01 4.8123e-01 -3.6173e-01
ODOMETRY -2.8214e-01 4.3476e-01 -2.7772e-01
ODOMETRY -1.5052e-01 4.9546e-01 -2.6007e-01
ODOMETRY -2.2327e-02 7.2499e-01 -2.0452e-01
ODOMETRY 1.1449e-01 5.2473e-01 -1.4925e-01
ODOMETRY 1.1099e-01 4.9143e-01 -2.0583e-02
ODOMETRY 1.4317e-01 5.1006e-01 6.2400e-04
ODOMETRY 1.1898e-01 5.0838e-01 1.6117e-02
ODOMETRY 1.0975e-01 5.4051e-01 1.1964e-01
ODOMETRY 4.5611e-02 4.9100e-01 1.4819e-01
ODOMETRY -6.0756e-02 5.2938e-01 2.5675e-01
ODOMETRY -1.6861e-01 4.7726e-01 1.4501e-01
ODOMETRY -2.2879e-01 4.6653e-01 2.1211e-01
ODOMETRY -5.7402e-01 4.5517e-01 5.7477e-01
ODOMETRY -7.0548e-01 1.2559e-01 -5.8217e+00
ODOMETRY -6.7645e-01 -1.6952e-01 2.4482e-01
ODOMETRY -6.3823e-01 -1.0996e-01 5.7200e+00
ODOMETRY -2.1823e-01 8.2238e-02 -5.9488e-01
ODOMETRY -9.3662e-02 1.6929e-01 -7.5497e-01
ODOMETRY 5.7225e-02 1.7706e-01 -6.6474e-01
ODOMETRY 4.2114e-01 3.4054e-01 -4.1124e-01
ODOMETRY 4.8910e-01 1.5268e-01 -4.0227e-01
ODOMETRY 5.1261e-01 5.4514e-02 1.5357e-02
ODOMETRY 5.2380e-01 9.3042e-02 1.4262e-01
ODOMETRY 2.6632e-01 2.6912e-02 -6.9217e-01
ODOMETRY 2.7247e-01 -2.8813e-01 -5.4201e-01
ODOMETRY 4.0138e-01 -5.2864e-01 1.0436e-01
ODOMETRY 3.7839e-01 -3.5222e-01 3.1610e-01
ODOMETRY 5.5903e-01 -2.3558e-01 4.9491e-01
ODOMETRY 6.1396e-01 1.4578e-01 6.0331e-01
ODOMETRY 5.7627e-01 4.1045e-01 2.2597e-01
ODOMETRY 5.0485e-01 5.4639e-01 1.2416e-01
ODOMETRY 4.2285e-01 5.8441e-01 2.8232e-01
ODOMETRY 2.0729e-01 6.5041e-01 3.0290e-01
ODOMETRY 1.3710e-02 6.3406e-01 2.6390e-01
ODOMETRY -1.0158e-01 6.0141e-01 2.3330e-03
ODOMETRY -1.8406e-01 5.6621e-01 3.8331e-01
ODOMETRY -3.0018e-01 5.0554e-01 -8.6071e-02
ODOMETRY -1.5551e-01 5.0992e-01 -5.7163e-01
ODOMETRY 6.7121e-02 2.5711e-01 -5.3065e-01
ODOMETRY 1.0049e-01 1.3444e-01 -6.5199e-01
ODOMETRY 1.0641e-01 1.2890e-02 -7.4229e-01
ODOMETRY 2.3780e-02 -1.2414e-02 -6.8071e-01
ODOMETRY 3.7154e-02 -1.8660e-01 -5.3281e-01
ODOMETRY -5.2901e-02 -5.8264e-01 2.9690e-01
ODOMETRY 1.8312e-01 -6.3541e-01 1.8488e-01
ODOMETRY 1.7732e-01 -4.9528e-01 -1.7652e-01
ODOMETRY 1.1303e-01 -6.0599e-01 4.5708e-02
ODOMETRY 2.1522e-01 -5.9737e-01 3.9433e-01
ODOMETRY 3.3389e-01 -6.1179e-01 -9.2263e-01
ODOMETRY -3.3923e-02 -1.3554e-01 -5.9618e-01
ODOMETRY -4.0977e-01 -2.7979e-01 4.9380e-02
ODOMETRY -4.5955e-01 -4.3889e-01 3.7119e-02
ODOMETRY -4.1439e-01 -4.3786e-01 7.1371e-02
ODOMETRY -4.5934e-01 -5.6187e-01 -1.7460e-03
ODOMETRY -3.4110e-01 -3.9245e-01 1.7224e-02
ODOMETRY -3.5152e-01 -4.1517e-01 9.8244e-02
ODOMETRY -2.8660e-01 -4.5119e-01 7.6006e-02
ODOMETRY -2.3690e-01 -4.6498e-01 1.3841e-01
ODOMETRY -2.6994e-01 -6.9126e-01 9.1488e-02
ODOMETRY -1.4214e-01 -5.0815e-01 2.5968e-02
ODOMETRY -1.4680e-01 -5.0086e-01 -1.3029e-02
ODOMETRY -1.7503e-01 -5.0815e-01 -4.3395e-02
ODOMETRY -1.6420e-01 -5.1094e-01 -8.7109e-02
ODOMETRY -2.3805e-01 -4.5611e-01 -1.5198e-01
ODOMETRY -3.1189e-01 -3.9776e-01 -2.5362e-01
ODOMETRY -3.7620e-01 -3.3876e-01 -2.5600e-01
ODOMETRY -4.7093e-01 -2.0214e-01 -2.7868e-01
ODOMETRY -4.9886e-01 -7.1879e-02 -1.7365e-01
ODOMETRY -5.2228e-01 2.6580e-03 6.1645e+00
ODOMETRY -5.0148e-01 4.1523e-02 -6.8752e-02
ODOMETRY -5.0870e-01 5.6611e-02 5.1676e-02
ODOMETRY -7.3214e-01 1.7152e-02 -6.0127e+00
ODOMETRY -6.5879e-01 -2.5364e-01 3.4426e-01
ODOMETRY -5.1562e-01 -3.5307e-01 1.5428e-01
ODOMETRY -5.0618e-01 -3.5479e-01 -3.0335e-01
ODOMETRY -5.5871e-01 -9.3726e-02 5.7039e+00
ODOMETRY -4.1097e-01 2.5222e-01 -6.9279e-01
ODOMETRY -1.4119e-01 2.3488e-01 -5.8218e-01
ODOMETRY 4.4619e-02 2.3110e-01 -6.5854e-01
ODOMETRY 1.4588e-01 1.8595e-01 -6.8693e-01
ODOMETRY 2.4871e-01 -1.0960e-02 -7.9839e-01
ODOMETRY 5.9819e-01 -3.0196e-01 3.7777e-01
ODOMETRY 4.1608e-01 1.0100e-04 5.2186e-01
ODOMETRY 5.7392e-01 2.9075e-01 -1.0417e-01
ODOMETRY 6.5987e-01 3.5366e-02 -6.2122e-01
ODOMETRY 5.8218e-01 -3.0859e-01 -5.3192e-01
ODOMETRY 3.8150e-01 -4.5498e-01 -2.4549e-02
ODOMETRY 2.7346e-01 -2.2944e-01 8.7137e-01
ODOMETRY 9.8742e-02 -1.2468e-02 7.1067e-01
